HIT 1 66.999171
HIT 2 63.750381
HIT 3 60.366473
GEACH 7.627191 13.145351 9.870327
TOTAL 30.642869
PLANES 1 1
PLANES 2 [2 4]
PLANES 3 [3 5]
BOMB 1 1 4.980234 8.508712
BOMB 1 1 8.056400 11.168430
BOMB 1 1 11.168200 12.607424
BOMB 2 2 7.064000 12.080396
BOMB 2 2 17.644556 21.637698
BOMB 3 3 45.915241 51.331690
BOMB 3 3 56.595476 57.190443
BOMB 2 4 21.749502 25.885316
BOMB 3 5 14.936408 18.795320
UNION 1 4.980234 12.607424
UNION 2 7.064000 12.080396
UNION 2 17.644556 21.637698
UNION 2 21.749502 25.885316
UNION 3 14.936408 18.795320
UNION 3 45.915241 51.331690
UNION 3 56.595476 57.190443
